{
  "dataset": "eurosat",
  "n_shot": 5,
  "method": "ours",
  "ordered_models": [
    "convnext_tiny",
    "siglip",
    "clip_vit_base",
    "dinov2_base",
    "vit_mae_base",
    "deit_small",
    "vit_base",
    "dinov2_small",
    "convnext_base",
    "resnet50"
  ],
  "accuracies": [
    0.972266674041748,
    0.9804666638374329,
    0.9838667511940002,
    0.9865333437919617,
    0.9860000014305115,
    0.9881332516670227,
    0.9887333512306213,
    0.9898666143417358,
    0.9896665811538696,
    0.9903333783149719
  ],
  "weight_logs": [
    {
      "convnext_tiny": 1.0
    },
    {
      "convnext_tiny": 0.5839365124702454,
      "siglip": 0.41606345772743225
    },
    {
      "convnext_tiny": 0.39631444215774536,
      "siglip": 0.28430020809173584,
      "clip_vit_base": 0.319385290145874
    },
    {
      "convnext_tiny": 0.28956544399261475,
      "siglip": 0.24791400134563446,
      "clip_vit_base": 0.26022908091545105,
      "dinov2_base": 0.20229145884513855
    },
    {
      "convnext_tiny": 0.24404412508010864,
      "siglip": 0.20854723453521729,
      "clip_vit_base": 0.21218712627887726,
      "dinov2_base": 0.18398098647594452,
      "vit_mae_base": 0.15124055743217468
    },
    {
      "convnext_tiny": 0.17520086467266083,
      "siglip": 0.17443157732486725,
      "clip_vit_base": 0.17231447994709015,
      "dinov2_base": 0.1642330288887024,
      "vit_mae_base": 0.127772718667984,
      "deit_small": 0.18604737520217896
    },
    {
      "convnext_tiny": 0.14394250512123108,
      "siglip": 0.14598846435546875,
      "clip_vit_base": 0.14636625349521637,
      "dinov2_base": 0.14459116756916046,
      "vit_mae_base": 0.11101574450731277,
      "deit_small": 0.1584678441286087,
      "vit_base": 0.14962802827358246
    },
    {
      "convnext_tiny": 0.12828831374645233,
      "siglip": 0.13089145720005035,
      "clip_vit_base": 0.13038574159145355,
      "dinov2_base": 0.12099619209766388,
      "vit_mae_base": 0.10321706533432007,
      "deit_small": 0.13978323340415955,
      "vit_base": 0.131070077419281,
      "dinov2_small": 0.11536791175603867
    },
    {
      "convnext_tiny": 0.10821354389190674,
      "siglip": 0.1170945093035698,
      "clip_vit_base": 0.11327426880598068,
      "dinov2_base": 0.11416000127792358,
      "vit_mae_base": 0.0882447138428688,
      "deit_small": 0.1281442791223526,
      "vit_base": 0.12215645611286163,
      "dinov2_small": 0.10845588147640228,
      "convnext_base": 0.10025633871555328
    },
    {
      "convnext_tiny": 0.08644475787878036,
      "siglip": 0.10057880729436874,
      "clip_vit_base": 0.09554742276668549,
      "dinov2_base": 0.10430732369422913,
      "vit_mae_base": 0.07603184133768082,
      "deit_small": 0.11161941289901733,
      "vit_base": 0.10979866981506348,
      "dinov2_small": 0.0989198163151741,
      "convnext_base": 0.08336964249610901,
      "resnet50": 0.13338232040405273
    }
  ],
  "best_k": 10,
  "best_acc": 0.9903333783149719,
  "ci_95s": [
    0.0029776986286539353,
    0.002371524746227997,
    0.002212139405328705,
    0.0022229726468774836,
    0.0022056139036041728,
    0.001794098128084921,
    0.00183483436899136,
    0.0016697552838861867,
    0.0017519740757507153,
    0.001656315765519192
  ],
  "best_ci_95": 0.001656315765519192,
  "relevance_scores": {
    "deit_small": 0.9671716905652176,
    "dinov2_small": 0.977272720431056,
    "convnext_tiny": 1.0,
    "vit_base": 0.9292929414559006,
    "convnext_base": 0.8712121326149067,
    "vit_mae_base": 0.9318181612931679,
    "dinov2_base": 0.9696969104024848,
    "clip_vit_base": 0.9621211756322984,
    "resnet50": 0.9848484552012424,
    "siglip": 0.8813130872223606
  },
  "cka_matrix": {
    "model_names": [
      "deit_small",
      "dinov2_small",
      "convnext_tiny",
      "vit_base",
      "convnext_base",
      "vit_mae_base",
      "dinov2_base",
      "clip_vit_base",
      "resnet50",
      "siglip"
    ],
    "values": [
      [
        1.0,
        0.6995782343881661,
        0.7849316340182513,
        0.7013660737870349,
        0.7597350704775352,
        0.5791259799370986,
        0.6352384581254585,
        0.5509847526111877,
        0.759490777545906,
        0.5124182672643863
      ],
      [
        0.6995782343881661,
        1.0,
        0.6794195486318056,
        0.7111338914304888,
        0.6304930806717916,
        0.5821030144287052,
        0.8191798492415195,
        0.6585832567622631,
        0.741747178007906,
        0.5400264807850493
      ],
      [
        0.7849316340182513,
        0.6794195486318056,
        1.0,
        0.6831921844073342,
        0.8224658431400936,
        0.5868255831712806,
        0.6151981623178803,
        0.561557990387608,
        0.7737042239826816,
        0.5105688063713354
      ],
      [
        0.7013660737870349,
        0.7111338914304888,
        0.6831921844073342,
        1.0,
        0.6532530562173863,
        0.5905025553580234,
        0.6404762577428237,
        0.5476832886339463,
        0.6943061266561131,
        0.572132772070331
      ],
      [
        0.7597350704775352,
        0.6304930806717916,
        0.8224658431400936,
        0.6532530562173863,
        1.0,
        0.6140640415645715,
        0.5660122204553734,
        0.5278084441189884,
        0.7315388346078255,
        0.5150943476687968
      ],
      [
        0.5791259799370986,
        0.5821030144287052,
        0.5868255831712806,
        0.5905025553580234,
        0.6140640415645715,
        1.0,
        0.5281748884756791,
        0.5823220152562776,
        0.6688392446031718,
        0.6505712391200943
      ],
      [
        0.6352384581254585,
        0.8191798492415195,
        0.6151981623178803,
        0.6404762577428237,
        0.5660122204553734,
        0.5281748884756791,
        1.0,
        0.6853367509820794,
        0.704774775616867,
        0.4877604148236193
      ],
      [
        0.5509847526111877,
        0.6585832567622631,
        0.561557990387608,
        0.5476832886339463,
        0.5278084441189884,
        0.5823220152562776,
        0.6853367509820794,
        1.0,
        0.6985692767492512,
        0.5313337070566712
      ],
      [
        0.759490777545906,
        0.741747178007906,
        0.7737042239826816,
        0.6943061266561131,
        0.7315388346078255,
        0.6688392446031718,
        0.704774775616867,
        0.6985692767492512,
        1.0,
        0.5741312484764317
      ],
      [
        0.5124182672643863,
        0.5400264807850493,
        0.5105688063713354,
        0.572132772070331,
        0.5150943476687968,
        0.6505712391200943,
        0.4877604148236193,
        0.5313337070566712,
        0.5741312484764317,
        1.0
      ]
    ]
  }
}