{
  "dataset": "eurosat",
  "n_shot": 16,
  "method": "ours",
  "ordered_models": [
    "dinov2_small",
    "siglip",
    "clip_vit_base",
    "convnext_base",
    "vit_base",
    "vit_mae_base",
    "dinov2_base",
    "convnext_tiny",
    "deit_small",
    "resnet50"
  ],
  "accuracies": [
    0.9737333059310913,
    0.9832666516304016,
    0.9847333431243896,
    0.9858667254447937,
    0.9875999689102173,
    0.9873332977294922,
    0.9900667071342468,
    0.9905333518981934,
    0.9905332922935486,
    0.9904667139053345
  ],
  "weight_logs": [
    {
      "dinov2_small": 1.0
    },
    {
      "dinov2_small": 0.39500948786735535,
      "siglip": 0.6049904823303223
    },
    {
      "dinov2_small": 0.2661302089691162,
      "siglip": 0.34240466356277466,
      "clip_vit_base": 0.3914651572704315
    },
    {
      "dinov2_small": 0.2142428457736969,
      "siglip": 0.24811537563800812,
      "clip_vit_base": 0.26884400844573975,
      "convnext_base": 0.26879775524139404
    },
    {
      "dinov2_small": 0.1842847615480423,
      "siglip": 0.1995294839143753,
      "clip_vit_base": 0.2166927456855774,
      "convnext_base": 0.20729902386665344,
      "vit_base": 0.1921939253807068
    },
    {
      "dinov2_small": 0.16848666965961456,
      "siglip": 0.17085184156894684,
      "clip_vit_base": 0.18256880342960358,
      "convnext_base": 0.17098000645637512,
      "vit_base": 0.1776902973651886,
      "vit_mae_base": 0.1294223517179489
    },
    {
      "dinov2_small": 0.13683180510997772,
      "siglip": 0.15268383920192719,
      "clip_vit_base": 0.15253846347332,
      "convnext_base": 0.14957836270332336,
      "vit_base": 0.15010540187358856,
      "vit_mae_base": 0.12175969779491425,
      "dinov2_base": 0.13650241494178772
    },
    {
      "dinov2_small": 0.12571145594120026,
      "siglip": 0.13270960748195648,
      "clip_vit_base": 0.12683668732643127,
      "convnext_base": 0.12013240158557892,
      "vit_base": 0.1369914710521698,
      "vit_mae_base": 0.10123587399721146,
      "dinov2_base": 0.12600348889827728,
      "convnext_tiny": 0.13037897646427155
    },
    {
      "dinov2_small": 0.11351875960826874,
      "siglip": 0.11550743877887726,
      "clip_vit_base": 0.10744482278823853,
      "convnext_base": 0.09919048100709915,
      "vit_base": 0.12194617092609406,
      "vit_mae_base": 0.0891769677400589,
      "dinov2_base": 0.11655326932668686,
      "convnext_tiny": 0.10443632304668427,
      "deit_small": 0.13222576677799225
    },
    {
      "dinov2_small": 0.10318828374147415,
      "siglip": 0.09898154437541962,
      "clip_vit_base": 0.09033115953207016,
      "convnext_base": 0.08253815025091171,
      "vit_base": 0.10892628878355026,
      "vit_mae_base": 0.07678276300430298,
      "dinov2_base": 0.10677427798509598,
      "convnext_tiny": 0.08408091962337494,
      "deit_small": 0.11291937530040741,
      "resnet50": 0.1354772299528122
    }
  ],
  "best_k": 8,
  "best_acc": 0.9905333518981934,
  "ci_95s": [
    0.0027844267842783324,
    0.0021603960592208467,
    0.0022183941082831995,
    0.002092961615268133,
    0.0019386295497963962,
    0.0019495743119063342,
    0.0016043209818498297,
    0.001589195231294187,
    0.001545401339261226,
    0.0016295781946822298
  ],
  "best_ci_95": 0.001589195231294187,
  "relevance_scores": {
    "deit_small": 0.93002260267236,
    "dinov2_small": 1.0,
    "convnext_tiny": 0.9503386364422245,
    "vit_base": 0.9525959436282705,
    "convnext_base": 0.9029345127966323,
    "vit_mae_base": 0.8916478423186771,
    "dinov2_base": 0.9706546029382264,
    "clip_vit_base": 0.975169284584181,
    "resnet50": 0.9525959436282705,
    "siglip": 0.93002260267236
  },
  "cka_matrix": {
    "model_names": [
      "deit_small",
      "dinov2_small",
      "convnext_tiny",
      "vit_base",
      "convnext_base",
      "vit_mae_base",
      "dinov2_base",
      "clip_vit_base",
      "resnet50",
      "siglip"
    ],
    "values": [
      [
        1.0,
        0.6995782343881661,
        0.7849316340182513,
        0.7013660737870349,
        0.7597350704775352,
        0.5791259799370986,
        0.6352384581254585,
        0.5509847526111877,
        0.759490777545906,
        0.5124182672643863
      ],
      [
        0.6995782343881661,
        1.0,
        0.6794195486318056,
        0.7111338914304888,
        0.6304930806717916,
        0.5821030144287052,
        0.8191798492415195,
        0.6585832567622631,
        0.741747178007906,
        0.5400264807850493
      ],
      [
        0.7849316340182513,
        0.6794195486318056,
        1.0,
        0.6831921844073342,
        0.8224658431400936,
        0.5868255831712806,
        0.6151981623178803,
        0.561557990387608,
        0.7737042239826816,
        0.5105688063713354
      ],
      [
        0.7013660737870349,
        0.7111338914304888,
        0.6831921844073342,
        1.0,
        0.6532530562173863,
        0.5905025553580234,
        0.6404762577428237,
        0.5476832886339463,
        0.6943061266561131,
        0.572132772070331
      ],
      [
        0.7597350704775352,
        0.6304930806717916,
        0.8224658431400936,
        0.6532530562173863,
        1.0,
        0.6140640415645715,
        0.5660122204553734,
        0.5278084441189884,
        0.7315388346078255,
        0.5150943476687968
      ],
      [
        0.5791259799370986,
        0.5821030144287052,
        0.5868255831712806,
        0.5905025553580234,
        0.6140640415645715,
        1.0,
        0.5281748884756791,
        0.5823220152562776,
        0.6688392446031718,
        0.6505712391200943
      ],
      [
        0.6352384581254585,
        0.8191798492415195,
        0.6151981623178803,
        0.6404762577428237,
        0.5660122204553734,
        0.5281748884756791,
        1.0,
        0.6853367509820794,
        0.704774775616867,
        0.4877604148236193
      ],
      [
        0.5509847526111877,
        0.6585832567622631,
        0.561557990387608,
        0.5476832886339463,
        0.5278084441189884,
        0.5823220152562776,
        0.6853367509820794,
        1.0,
        0.6985692767492512,
        0.5313337070566712
      ],
      [
        0.759490777545906,
        0.741747178007906,
        0.7737042239826816,
        0.6943061266561131,
        0.7315388346078255,
        0.6688392446031718,
        0.704774775616867,
        0.6985692767492512,
        1.0,
        0.5741312484764317
      ],
      [
        0.5124182672643863,
        0.5400264807850493,
        0.5105688063713354,
        0.572132772070331,
        0.5150943476687968,
        0.6505712391200943,
        0.4877604148236193,
        0.5313337070566712,
        0.5741312484764317,
        1.0
      ]
    ]
  }
}