{
  "dataset": "eurosat",
  "n_shot": 10,
  "method": "ours",
  "ordered_models": [
    "dinov2_small",
    "siglip",
    "clip_vit_base",
    "convnext_base",
    "vit_mae_base",
    "dinov2_base",
    "convnext_tiny",
    "vit_base",
    "deit_small",
    "resnet50"
  ],
  "accuracies": [
    0.9715999364852905,
    0.982866644859314,
    0.986133337020874,
    0.9884666204452515,
    0.9874667525291443,
    0.9891999959945679,
    0.9893333315849304,
    0.9887332916259766,
    0.9896000623703003,
    0.9899333715438843
  ],
  "weight_logs": [
    {
      "dinov2_small": 1.0
    },
    {
      "dinov2_small": 0.3793909549713135,
      "siglip": 0.6206090450286865
    },
    {
      "dinov2_small": 0.25510281324386597,
      "siglip": 0.34554535150527954,
      "clip_vit_base": 0.3993518352508545
    },
    {
      "dinov2_small": 0.20838743448257446,
      "siglip": 0.2495391070842743,
      "clip_vit_base": 0.27264705300331116,
      "convnext_base": 0.26942646503448486
    },
    {
      "dinov2_small": 0.18909375369548798,
      "siglip": 0.21254025399684906,
      "clip_vit_base": 0.2274995893239975,
      "convnext_base": 0.22272901237010956,
      "vit_mae_base": 0.14813734591007233
    },
    {
      "dinov2_small": 0.1533055454492569,
      "siglip": 0.18387480080127716,
      "clip_vit_base": 0.1836935430765152,
      "convnext_base": 0.1817522943019867,
      "vit_mae_base": 0.14076384902000427,
      "dinov2_base": 0.15661002695560455
    },
    {
      "dinov2_small": 0.13983570039272308,
      "siglip": 0.1576811969280243,
      "clip_vit_base": 0.1493537575006485,
      "convnext_base": 0.1404815912246704,
      "vit_mae_base": 0.11385014653205872,
      "dinov2_base": 0.1434011459350586,
      "convnext_tiny": 0.1553964912891388
    },
    {
      "dinov2_small": 0.123617023229599,
      "siglip": 0.1330386847257614,
      "clip_vit_base": 0.1264718770980835,
      "convnext_base": 0.11861313879489899,
      "vit_mae_base": 0.10108679533004761,
      "dinov2_base": 0.12783299386501312,
      "convnext_tiny": 0.12893004715442657,
      "vit_base": 0.1404094398021698
    },
    {
      "dinov2_small": 0.1119329035282135,
      "siglip": 0.11577240377664566,
      "clip_vit_base": 0.10800124704837799,
      "convnext_base": 0.09773954004049301,
      "vit_mae_base": 0.08911672979593277,
      "dinov2_base": 0.11716176569461823,
      "convnext_tiny": 0.10325608402490616,
      "vit_base": 0.12446430325508118,
      "deit_small": 0.1325550079345703
    },
    {
      "dinov2_small": 0.10206982493400574,
      "siglip": 0.09971948713064194,
      "clip_vit_base": 0.09064103662967682,
      "convnext_base": 0.08166638761758804,
      "vit_mae_base": 0.0767669528722763,
      "dinov2_base": 0.10715266317129135,
      "convnext_tiny": 0.08414163440465927,
      "vit_base": 0.11142124980688095,
      "deit_small": 0.11558903753757477,
      "resnet50": 0.1308317333459854
    }
  ],
  "best_k": 10,
  "best_acc": 0.9899333715438843,
  "ci_95s": [
    0.003188902566224923,
    0.0022182397349138163,
    0.002002459711168292,
    0.0018215062421108015,
    0.0018492038707416374,
    0.0016917058604503082,
    0.0016877453316324516,
    0.00183483436899136,
    0.0017394169121940084,
    0.001692796025565535
  ],
  "best_ci_95": 0.001692796025565535,
  "relevance_scores": {
    "deit_small": 0.9451073978889999,
    "dinov2_small": 1.0,
    "convnext_tiny": 0.9832935589717502,
    "vit_base": 0.921241002757746,
    "convnext_base": 0.9260142817839968,
    "vit_mae_base": 0.9355608398364984,
    "dinov2_base": 0.9546538848142455,
    "clip_vit_base": 0.9904534419474984,
    "resnet50": 0.976133604868746,
    "siglip": 0.8997612827032454
  },
  "cka_matrix": {
    "model_names": [
      "deit_small",
      "dinov2_small",
      "convnext_tiny",
      "vit_base",
      "convnext_base",
      "vit_mae_base",
      "dinov2_base",
      "clip_vit_base",
      "resnet50",
      "siglip"
    ],
    "values": [
      [
        1.0,
        0.6995782343881661,
        0.7849316340182513,
        0.7013660737870349,
        0.7597350704775352,
        0.5791259799370986,
        0.6352384581254585,
        0.5509847526111877,
        0.759490777545906,
        0.5124182672643863
      ],
      [
        0.6995782343881661,
        1.0,
        0.6794195486318056,
        0.7111338914304888,
        0.6304930806717916,
        0.5821030144287052,
        0.8191798492415195,
        0.6585832567622631,
        0.741747178007906,
        0.5400264807850493
      ],
      [
        0.7849316340182513,
        0.6794195486318056,
        1.0,
        0.6831921844073342,
        0.8224658431400936,
        0.5868255831712806,
        0.6151981623178803,
        0.561557990387608,
        0.7737042239826816,
        0.5105688063713354
      ],
      [
        0.7013660737870349,
        0.7111338914304888,
        0.6831921844073342,
        1.0,
        0.6532530562173863,
        0.5905025553580234,
        0.6404762577428237,
        0.5476832886339463,
        0.6943061266561131,
        0.572132772070331
      ],
      [
        0.7597350704775352,
        0.6304930806717916,
        0.8224658431400936,
        0.6532530562173863,
        1.0,
        0.6140640415645715,
        0.5660122204553734,
        0.5278084441189884,
        0.7315388346078255,
        0.5150943476687968
      ],
      [
        0.5791259799370986,
        0.5821030144287052,
        0.5868255831712806,
        0.5905025553580234,
        0.6140640415645715,
        1.0,
        0.5281748884756791,
        0.5823220152562776,
        0.6688392446031718,
        0.6505712391200943
      ],
      [
        0.6352384581254585,
        0.8191798492415195,
        0.6151981623178803,
        0.6404762577428237,
        0.5660122204553734,
        0.5281748884756791,
        1.0,
        0.6853367509820794,
        0.704774775616867,
        0.4877604148236193
      ],
      [
        0.5509847526111877,
        0.6585832567622631,
        0.561557990387608,
        0.5476832886339463,
        0.5278084441189884,
        0.5823220152562776,
        0.6853367509820794,
        1.0,
        0.6985692767492512,
        0.5313337070566712
      ],
      [
        0.759490777545906,
        0.741747178007906,
        0.7737042239826816,
        0.6943061266561131,
        0.7315388346078255,
        0.6688392446031718,
        0.704774775616867,
        0.6985692767492512,
        1.0,
        0.5741312484764317
      ],
      [
        0.5124182672643863,
        0.5400264807850493,
        0.5105688063713354,
        0.572132772070331,
        0.5150943476687968,
        0.6505712391200943,
        0.4877604148236193,
        0.5313337070566712,
        0.5741312484764317,
        1.0
      ]
    ]
  }
}