{
  "dataset": "eurosat",
  "n_shot": 1,
  "method": "ours",
  "ordered_models": [
    "deit_small",
    "vit_mae_base",
    "dinov2_base",
    "siglip",
    "vit_base",
    "clip_vit_base",
    "convnext_tiny",
    "resnet50",
    "dinov2_small",
    "convnext_base"
  ],
  "accuracies": [
    0.8747333288192749,
    0.9304667711257935,
    0.9523334503173828,
    0.9573999643325806,
    0.9600666761398315,
    0.9625333547592163,
    0.9641333818435669,
    0.9670001268386841,
    0.9661334156990051,
    0.9662001132965088
  ],
  "weight_logs": [
    {
      "deit_small": 1.0
    },
    {
      "deit_small": 0.34276726841926575,
      "vit_mae_base": 0.6572327017784119
    },
    {
      "deit_small": 0.32173070311546326,
      "vit_mae_base": 0.45330291986465454,
      "dinov2_base": 0.22496633231639862
    },
    {
      "deit_small": 0.2456641048192978,
      "vit_mae_base": 0.29572591185569763,
      "dinov2_base": 0.18334193527698517,
      "siglip": 0.275268018245697
    },
    {
      "deit_small": 0.20598578453063965,
      "vit_mae_base": 0.2336522936820984,
      "dinov2_base": 0.15883205831050873,
      "siglip": 0.2244800180196762,
      "vit_base": 0.17704984545707703
    },
    {
      "deit_small": 0.16613709926605225,
      "vit_mae_base": 0.16799713671207428,
      "dinov2_base": 0.1343158632516861,
      "siglip": 0.17515896260738373,
      "vit_base": 0.14898093044757843,
      "clip_vit_base": 0.20740991830825806
    },
    {
      "deit_small": 0.13990814983844757,
      "vit_mae_base": 0.12860505282878876,
      "dinov2_base": 0.11975522339344025,
      "siglip": 0.1473427563905716,
      "vit_base": 0.12942136824131012,
      "clip_vit_base": 0.17033417522907257,
      "convnext_tiny": 0.16463322937488556
    },
    {
      "deit_small": 0.11942463368177414,
      "vit_mae_base": 0.10485166311264038,
      "dinov2_base": 0.10665514320135117,
      "siglip": 0.12474250793457031,
      "vit_base": 0.1123976856470108,
      "clip_vit_base": 0.1428762674331665,
      "convnext_tiny": 0.1284768283367157,
      "resnet50": 0.16057530045509338
    },
    {
      "deit_small": 0.10980601608753204,
      "vit_mae_base": 0.09882967174053192,
      "dinov2_base": 0.09299521148204803,
      "siglip": 0.11618249863386154,
      "vit_base": 0.10161428898572922,
      "clip_vit_base": 0.12800930440425873,
      "convnext_tiny": 0.12108561396598816,
      "resnet50": 0.14364728331565857,
      "dinov2_small": 0.08783011883497238
    },
    {
      "deit_small": 0.100479356944561,
      "vit_mae_base": 0.08433923870325089,
      "dinov2_base": 0.08671531081199646,
      "siglip": 0.10510656237602234,
      "vit_base": 0.09428669512271881,
      "clip_vit_base": 0.1154257133603096,
      "convnext_tiny": 0.10383754223585129,
      "resnet50": 0.1330110877752304,
      "dinov2_small": 0.08184833824634552,
      "convnext_base": 0.09495017677545547
    }
  ],
  "best_k": 8,
  "best_acc": 0.9670001268386841,
  "ci_95s": [
    0.0100770464384979,
    0.007014945848105065,
    0.005620376584111399,
    0.00508251291763756,
    0.005044557720725044,
    0.004720858965980765,
    0.004524111913747908,
    0.004395398599409276,
    0.00442614213336679,
    0.0045599549318840115
  ],
  "best_ci_95": 0.004395398599409276,
  "relevance_scores": {
    "deit_small": 1.0,
    "dinov2_small": 0.8829787526354447,
    "convnext_tiny": 0.8829787526354447,
    "vit_base": 0.9609929879998098,
    "convnext_base": 0.6312056730093476,
    "vit_mae_base": 0.9290780831400234,
    "dinov2_base": 0.8936170190280427,
    "clip_vit_base": 0.8546099541868564,
    "resnet50": 0.9964539464297981,
    "siglip": 0.7624113460186951
  },
  "cka_matrix": {
    "model_names": [
      "deit_small",
      "dinov2_small",
      "convnext_tiny",
      "vit_base",
      "convnext_base",
      "vit_mae_base",
      "dinov2_base",
      "clip_vit_base",
      "resnet50",
      "siglip"
    ],
    "values": [
      [
        1.0,
        0.6995782343881661,
        0.7849316340182513,
        0.7013660737870349,
        0.7597350704775352,
        0.5791259799370986,
        0.6352384581254585,
        0.5509847526111877,
        0.759490777545906,
        0.5124182672643863
      ],
      [
        0.6995782343881661,
        1.0,
        0.6794195486318056,
        0.7111338914304888,
        0.6304930806717916,
        0.5821030144287052,
        0.8191798492415195,
        0.6585832567622631,
        0.741747178007906,
        0.5400264807850493
      ],
      [
        0.7849316340182513,
        0.6794195486318056,
        1.0,
        0.6831921844073342,
        0.8224658431400936,
        0.5868255831712806,
        0.6151981623178803,
        0.561557990387608,
        0.7737042239826816,
        0.5105688063713354
      ],
      [
        0.7013660737870349,
        0.7111338914304888,
        0.6831921844073342,
        1.0,
        0.6532530562173863,
        0.5905025553580234,
        0.6404762577428237,
        0.5476832886339463,
        0.6943061266561131,
        0.572132772070331
      ],
      [
        0.7597350704775352,
        0.6304930806717916,
        0.8224658431400936,
        0.6532530562173863,
        1.0,
        0.6140640415645715,
        0.5660122204553734,
        0.5278084441189884,
        0.7315388346078255,
        0.5150943476687968
      ],
      [
        0.5791259799370986,
        0.5821030144287052,
        0.5868255831712806,
        0.5905025553580234,
        0.6140640415645715,
        1.0,
        0.5281748884756791,
        0.5823220152562776,
        0.6688392446031718,
        0.6505712391200943
      ],
      [
        0.6352384581254585,
        0.8191798492415195,
        0.6151981623178803,
        0.6404762577428237,
        0.5660122204553734,
        0.5281748884756791,
        1.0,
        0.6853367509820794,
        0.704774775616867,
        0.4877604148236193
      ],
      [
        0.5509847526111877,
        0.6585832567622631,
        0.561557990387608,
        0.5476832886339463,
        0.5278084441189884,
        0.5823220152562776,
        0.6853367509820794,
        1.0,
        0.6985692767492512,
        0.5313337070566712
      ],
      [
        0.759490777545906,
        0.741747178007906,
        0.7737042239826816,
        0.6943061266561131,
        0.7315388346078255,
        0.6688392446031718,
        0.704774775616867,
        0.6985692767492512,
        1.0,
        0.5741312484764317
      ],
      [
        0.5124182672643863,
        0.5400264807850493,
        0.5105688063713354,
        0.572132772070331,
        0.5150943476687968,
        0.6505712391200943,
        0.4877604148236193,
        0.5313337070566712,
        0.5741312484764317,
        1.0
      ]
    ]
  }
}