{
  "dataset": "gtsrb",
  "n_shot": 10,
  "method": "ours",
  "ordered_models": [
    "clip_vit_base",
    "siglip",
    "dinov2_base",
    "resnet50",
    "deit_small",
    "vit_base",
    "dinov2_small",
    "convnext_tiny",
    "convnext_base",
    "vit_mae_base"
  ],
  "accuracies": [
    0.9636666774749756,
    0.9593333601951599,
    0.9635999798774719,
    0.9684000611305237,
    0.9664666652679443,
    0.9670666456222534,
    0.9669333696365356,
    0.9664666652679443,
    0.9654000997543335,
    0.966200053691864
  ],
  "weight_logs": [
    {
      "clip_vit_base": 1.0
    },
    {
      "clip_vit_base": 0.6872972846031189,
      "siglip": 0.3127026855945587
    },
    {
      "clip_vit_base": 0.38779813051223755,
      "siglip": 0.258590966463089,
      "dinov2_base": 0.35361090302467346
    },
    {
      "clip_vit_base": 0.24392127990722656,
      "siglip": 0.1830175220966339,
      "dinov2_base": 0.26261013746261597,
      "resnet50": 0.31045106053352356
    },
    {
      "clip_vit_base": 0.18785491585731506,
      "siglip": 0.1505521535873413,
      "dinov2_base": 0.2294628620147705,
      "resnet50": 0.24119813740253448,
      "deit_small": 0.19093191623687744
    },
    {
      "clip_vit_base": 0.15296070277690887,
      "siglip": 0.12078423798084259,
      "dinov2_base": 0.20675477385520935,
      "resnet50": 0.20761890709400177,
      "deit_small": 0.16949781775474548,
      "vit_base": 0.14238354563713074
    },
    {
      "clip_vit_base": 0.12703865766525269,
      "siglip": 0.10528968274593353,
      "dinov2_base": 0.17563839256763458,
      "resnet50": 0.1643858700990677,
      "deit_small": 0.1438308209180832,
      "vit_base": 0.12612001597881317,
      "dinov2_small": 0.15769654512405396
    },
    {
      "clip_vit_base": 0.11068380624055862,
      "siglip": 0.09340959787368774,
      "dinov2_base": 0.1654299944639206,
      "resnet50": 0.15012302994728088,
      "deit_small": 0.13280190527439117,
      "vit_base": 0.11552464962005615,
      "dinov2_small": 0.14763189852237701,
      "convnext_tiny": 0.0843951627612114
    },
    {
      "clip_vit_base": 0.09821811318397522,
      "siglip": 0.08354397863149643,
      "dinov2_base": 0.1578306406736374,
      "resnet50": 0.14022430777549744,
      "deit_small": 0.12647978961467743,
      "vit_base": 0.10787607729434967,
      "dinov2_small": 0.13923192024230957,
      "convnext_tiny": 0.07360073924064636,
      "convnext_base": 0.0729944035410881
    },
    {
      "clip_vit_base": 0.08887150883674622,
      "siglip": 0.0758494883775711,
      "dinov2_base": 0.1497489959001541,
      "resnet50": 0.1352405548095703,
      "deit_small": 0.12278446555137634,
      "vit_base": 0.1019088476896286,
      "dinov2_small": 0.13131406903266907,
      "convnext_tiny": 0.06584715098142624,
      "convnext_base": 0.06507109105587006,
      "vit_mae_base": 0.06336385011672974
    }
  ],
  "best_k": 4,
  "best_acc": 0.9684000611305237,
  "ci_95s": [
    0.004653303320862624,
    0.00519290536571343,
    0.004808445459299451,
    0.004792717446083656,
    0.004984604576824858,
    0.005025514552309214,
    0.004848426096774144,
    0.004805830405400032,
    0.004995333784146443,
    0.00493930193034815
  ],
  "best_ci_95": 0.004792717446083656,
  "relevance_scores": {
    "deit_small": 0.7644762580271957,
    "dinov2_small": 0.8321405324219038,
    "convnext_tiny": 0.7826935658787207,
    "vit_base": 0.655823040966556,
    "convnext_base": 0.7514639071870629,
    "vit_mae_base": 0.47364996245130486,
    "dinov2_base": 0.854912125547962,
    "clip_vit_base": 1.0,
    "resnet50": 0.8607677542962135,
    "siglip": 0.6350032546093347
  },
  "cka_matrix": {
    "model_names": [
      "deit_small",
      "dinov2_small",
      "convnext_tiny",
      "vit_base",
      "convnext_base",
      "vit_mae_base",
      "dinov2_base",
      "clip_vit_base",
      "resnet50",
      "siglip"
    ],
    "values": [
      [
        1.0,
        0.6868444841262425,
        0.7707346820980246,
        0.5134252141713967,
        0.7397306273073314,
        0.4123207999465815,
        0.6266495153221674,
        0.5284227116394301,
        0.725777139599159,
        0.2950396732859705
      ],
      [
        0.6868444841262425,
        1.0,
        0.6983817751063832,
        0.5207042654583252,
        0.6820352440120576,
        0.38316142502234823,
        0.8115802029915427,
        0.5625462243435753,
        0.6515292116267879,
        0.3186556279352179
      ],
      [
        0.7707346820980246,
        0.6983817751063832,
        1.0,
        0.4893473112319312,
        0.8366539980844679,
        0.41596320173102314,
        0.6302384359429526,
        0.5290249023300431,
        0.7765866725780679,
        0.3057445403594693
      ],
      [
        0.5134252141713967,
        0.5207042654583252,
        0.4893473112319312,
        1.0,
        0.49843501858065903,
        0.5659579055681286,
        0.4627583964504342,
        0.45955441968373334,
        0.4648868583549421,
        0.5978257710547832
      ],
      [
        0.7397306273073314,
        0.6820352440120576,
        0.8366539980844679,
        0.49843501858065903,
        1.0,
        0.40084749255681484,
        0.6192483937332499,
        0.5247547309471879,
        0.7136176571495725,
        0.3118359847216277
      ],
      [
        0.4123207999465815,
        0.38316142502234823,
        0.41596320173102314,
        0.5659579055681286,
        0.40084749255681484,
        1.0,
        0.3540536538074648,
        0.3880435024834029,
        0.4212505618427572,
        0.6351723285166229
      ],
      [
        0.6266495153221674,
        0.8115802029915427,
        0.6302384359429526,
        0.4627583964504342,
        0.6192483937332499,
        0.3540536538074648,
        1.0,
        0.5420537243262826,
        0.5844026624822494,
        0.28003905162493453
      ],
      [
        0.5284227116394301,
        0.5625462243435753,
        0.5290249023300431,
        0.45955441968373334,
        0.5247547309471879,
        0.3880435024834029,
        0.5420537243262826,
        1.0,
        0.5582610997684937,
        0.36448264030820177
      ],
      [
        0.725777139599159,
        0.6515292116267879,
        0.7765866725780679,
        0.4648868583549421,
        0.7136176571495725,
        0.4212505618427572,
        0.5844026624822494,
        0.5582610997684937,
        1.0,
        0.2957207637768972
      ],
      [
        0.2950396732859705,
        0.3186556279352179,
        0.3057445403594693,
        0.5978257710547832,
        0.3118359847216277,
        0.6351723285166229,
        0.28003905162493453,
        0.36448264030820177,
        0.2957207637768972,
        1.0
      ]
    ]
  }
}