{
  "dataset": "gtsrb",
  "n_shot": 5,
  "method": "ours",
  "ordered_models": [
    "clip_vit_base",
    "siglip",
    "dinov2_base",
    "resnet50",
    "convnext_base",
    "dinov2_small",
    "vit_base",
    "deit_small",
    "convnext_tiny",
    "vit_mae_base"
  ],
  "accuracies": [
    0.9544667601585388,
    0.9535334706306458,
    0.9572001099586487,
    0.9607333540916443,
    0.9603333473205566,
    0.9606000781059265,
    0.9607333540916443,
    0.9595333933830261,
    0.9593333601951599,
    0.957466721534729
  ],
  "weight_logs": [
    {
      "clip_vit_base": 1.0
    },
    {
      "clip_vit_base": 0.6882219314575195,
      "siglip": 0.3117780387401581
    },
    {
      "clip_vit_base": 0.4079035222530365,
      "siglip": 0.26177918910980225,
      "dinov2_base": 0.33031725883483887
    },
    {
      "clip_vit_base": 0.26032403111457825,
      "siglip": 0.18342657387256622,
      "dinov2_base": 0.24249999225139618,
      "resnet50": 0.31374940276145935
    },
    {
      "clip_vit_base": 0.21593338251113892,
      "siglip": 0.1517072170972824,
      "dinov2_base": 0.21565262973308563,
      "resnet50": 0.27224820852279663,
      "convnext_base": 0.1444585770368576
    },
    {
      "clip_vit_base": 0.17518413066864014,
      "siglip": 0.13381311297416687,
      "dinov2_base": 0.18450547754764557,
      "resnet50": 0.22097814083099365,
      "convnext_base": 0.11989815533161163,
      "dinov2_small": 0.16562090814113617
    },
    {
      "clip_vit_base": 0.14744968712329865,
      "siglip": 0.11089551448822021,
      "dinov2_base": 0.16934086382389069,
      "resnet50": 0.19044269621372223,
      "convnext_base": 0.10301649570465088,
      "dinov2_small": 0.15252885222434998,
      "vit_base": 0.12632589042186737
    },
    {
      "clip_vit_base": 0.12332187592983246,
      "siglip": 0.09629067033529282,
      "dinov2_base": 0.15350914001464844,
      "resnet50": 0.16189885139465332,
      "convnext_base": 0.08546137809753418,
      "dinov2_small": 0.13739784061908722,
      "vit_base": 0.11136490851640701,
      "deit_small": 0.13075532019138336
    },
    {
      "clip_vit_base": 0.10994976758956909,
      "siglip": 0.08694123476743698,
      "dinov2_base": 0.14623960852622986,
      "resnet50": 0.15155674517154694,
      "convnext_base": 0.07454147934913635,
      "dinov2_small": 0.12909159064292908,
      "vit_base": 0.1029418408870697,
      "deit_small": 0.12257013469934464,
      "convnext_tiny": 0.07616762071847916
    },
    {
      "clip_vit_base": 0.09950646758079529,
      "siglip": 0.07985194027423859,
      "dinov2_base": 0.1401636004447937,
      "resnet50": 0.14515180885791779,
      "convnext_base": 0.06725826859474182,
      "dinov2_small": 0.12224463373422623,
      "vit_base": 0.09697127342224121,
      "deit_small": 0.11837642639875412,
      "convnext_tiny": 0.06837097555398941,
      "vit_mae_base": 0.062104638665914536
    }
  ],
  "best_k": 4,
  "best_acc": 0.9607333540916443,
  "ci_95s": [
    0.005570819634746001,
    0.005670649640043132,
    0.005623893612179087,
    0.005802918188567628,
    0.0057888252939499495,
    0.00577653996176107,
    0.005737493825284986,
    0.005749981546640415,
    0.005918721449055328,
    0.006029706091962913
  ],
  "best_ci_95": 0.005802918188567628,
  "relevance_scores": {
    "deit_small": 0.6840490716153,
    "dinov2_small": 0.7285275812860539,
    "convnext_tiny": 0.6993864819655927,
    "vit_base": 0.5475460015682648,
    "convnext_base": 0.6817484649764824,
    "vit_mae_base": 0.46549080214321015,
    "dinov2_base": 0.7668711562990482,
    "clip_vit_base": 1.0,
    "resnet50": 0.7745398614741945,
    "siglip": 0.5789877075275437
  },
  "cka_matrix": {
    "model_names": [
      "deit_small",
      "dinov2_small",
      "convnext_tiny",
      "vit_base",
      "convnext_base",
      "vit_mae_base",
      "dinov2_base",
      "clip_vit_base",
      "resnet50",
      "siglip"
    ],
    "values": [
      [
        1.0,
        0.6868444841262425,
        0.7707346820980246,
        0.5134252141713967,
        0.7397306273073314,
        0.4123207999465815,
        0.6266495153221674,
        0.5284227116394301,
        0.725777139599159,
        0.2950396732859705
      ],
      [
        0.6868444841262425,
        1.0,
        0.6983817751063832,
        0.5207042654583252,
        0.6820352440120576,
        0.38316142502234823,
        0.8115802029915427,
        0.5625462243435753,
        0.6515292116267879,
        0.3186556279352179
      ],
      [
        0.7707346820980246,
        0.6983817751063832,
        1.0,
        0.4893473112319312,
        0.8366539980844679,
        0.41596320173102314,
        0.6302384359429526,
        0.5290249023300431,
        0.7765866725780679,
        0.3057445403594693
      ],
      [
        0.5134252141713967,
        0.5207042654583252,
        0.4893473112319312,
        1.0,
        0.49843501858065903,
        0.5659579055681286,
        0.4627583964504342,
        0.45955441968373334,
        0.4648868583549421,
        0.5978257710547832
      ],
      [
        0.7397306273073314,
        0.6820352440120576,
        0.8366539980844679,
        0.49843501858065903,
        1.0,
        0.40084749255681484,
        0.6192483937332499,
        0.5247547309471879,
        0.7136176571495725,
        0.3118359847216277
      ],
      [
        0.4123207999465815,
        0.38316142502234823,
        0.41596320173102314,
        0.5659579055681286,
        0.40084749255681484,
        1.0,
        0.3540536538074648,
        0.3880435024834029,
        0.4212505618427572,
        0.6351723285166229
      ],
      [
        0.6266495153221674,
        0.8115802029915427,
        0.6302384359429526,
        0.4627583964504342,
        0.6192483937332499,
        0.3540536538074648,
        1.0,
        0.5420537243262826,
        0.5844026624822494,
        0.28003905162493453
      ],
      [
        0.5284227116394301,
        0.5625462243435753,
        0.5290249023300431,
        0.45955441968373334,
        0.5247547309471879,
        0.3880435024834029,
        0.5420537243262826,
        1.0,
        0.5582610997684937,
        0.36448264030820177
      ],
      [
        0.725777139599159,
        0.6515292116267879,
        0.7765866725780679,
        0.4648868583549421,
        0.7136176571495725,
        0.4212505618427572,
        0.5844026624822494,
        0.5582610997684937,
        1.0,
        0.2957207637768972
      ],
      [
        0.2950396732859705,
        0.3186556279352179,
        0.3057445403594693,
        0.5978257710547832,
        0.3118359847216277,
        0.6351723285166229,
        0.28003905162493453,
        0.36448264030820177,
        0.2957207637768972,
        1.0
      ]
    ]
  }
}