{
  "dataset": "gtsrb",
  "n_shot": 16,
  "method": "ours",
  "ordered_models": [
    "clip_vit_base",
    "dinov2_base",
    "siglip",
    "resnet50",
    "deit_small",
    "vit_base",
    "dinov2_small",
    "convnext_tiny",
    "convnext_base",
    "vit_mae_base"
  ],
  "accuracies": [
    0.9696000814437866,
    0.967799961566925,
    0.9692001342773438,
    0.9730000495910645,
    0.9729333519935608,
    0.9714000225067139,
    0.9673999547958374,
    0.9662666916847229,
    0.9672666788101196,
    0.9663333296775818
  ],
  "weight_logs": [
    {
      "clip_vit_base": 1.0
    },
    {
      "clip_vit_base": 0.552698016166687,
      "dinov2_base": 0.447301983833313
    },
    {
      "clip_vit_base": 0.3753304183483124,
      "dinov2_base": 0.3643621802330017,
      "siglip": 0.2603074312210083
    },
    {
      "clip_vit_base": 0.23647183179855347,
      "dinov2_base": 0.27262383699417114,
      "siglip": 0.18371203541755676,
      "resnet50": 0.30719226598739624
    },
    {
      "clip_vit_base": 0.1823713630437851,
      "dinov2_base": 0.23448196053504944,
      "siglip": 0.15080507099628448,
      "resnet50": 0.2387954741716385,
      "deit_small": 0.1935461163520813
    },
    {
      "clip_vit_base": 0.14683595299720764,
      "dinov2_base": 0.2114023119211197,
      "siglip": 0.11949031800031662,
      "resnet50": 0.20306751132011414,
      "deit_small": 0.1706867516040802,
      "vit_base": 0.14851713180541992
    },
    {
      "clip_vit_base": 0.12120803445577621,
      "dinov2_base": 0.18359781801700592,
      "siglip": 0.10308317840099335,
      "resnet50": 0.15624408423900604,
      "deit_small": 0.14421144127845764,
      "vit_base": 0.13045118749141693,
      "dinov2_small": 0.1612042933702469
    },
    {
      "clip_vit_base": 0.10560733079910278,
      "dinov2_base": 0.17248345911502838,
      "siglip": 0.09058048576116562,
      "resnet50": 0.14525708556175232,
      "deit_small": 0.13375069200992584,
      "vit_base": 0.11907786130905151,
      "dinov2_small": 0.15040117502212524,
      "convnext_tiny": 0.08284193277359009
    },
    {
      "clip_vit_base": 0.09339908510446548,
      "dinov2_base": 0.16295261681079865,
      "siglip": 0.0809185802936554,
      "resnet50": 0.13583186268806458,
      "deit_small": 0.1282672882080078,
      "vit_base": 0.1110067069530487,
      "dinov2_small": 0.14247506856918335,
      "convnext_tiny": 0.07266540080308914,
      "convnext_base": 0.07248339056968689
    },
    {
      "clip_vit_base": 0.08402671664953232,
      "dinov2_base": 0.1544996052980423,
      "siglip": 0.07299677282571793,
      "resnet50": 0.13183635473251343,
      "deit_small": 0.12425024062395096,
      "vit_base": 0.10533507168292999,
      "dinov2_small": 0.13423259556293488,
      "convnext_tiny": 0.06421054154634476,
      "convnext_base": 0.0647406354546547,
      "vit_mae_base": 0.06387148797512054
    }
  ],
  "best_k": 4,
  "best_acc": 0.9730000495910645,
  "ci_95s": [
    0.004225096376540337,
    0.004535050738420561,
    0.004302487257444655,
    0.004459348929348811,
    0.004533660345498324,
    0.004749875480136984,
    0.005371406931322088,
    0.005473346533901159,
    0.005362134719480101,
    0.005391304574407914
  ],
  "best_ci_95": 0.004459348929348811,
  "relevance_scores": {
    "deit_small": 0.8378041663535533,
    "dinov2_small": 0.8902059193622399,
    "convnext_tiny": 0.8515284464192351,
    "vit_base": 0.7554585659033095,
    "convnext_base": 0.7854024133448666,
    "vit_mae_base": 0.45102931700773374,
    "dinov2_base": 0.9301309959884178,
    "clip_vit_base": 1.0,
    "resnet50": 0.9226450541139903,
    "siglip": 0.6494073762589158
  },
  "cka_matrix": {
    "model_names": [
      "deit_small",
      "dinov2_small",
      "convnext_tiny",
      "vit_base",
      "convnext_base",
      "vit_mae_base",
      "dinov2_base",
      "clip_vit_base",
      "resnet50",
      "siglip"
    ],
    "values": [
      [
        1.0,
        0.6868444841262425,
        0.7707346820980246,
        0.5134252141713967,
        0.7397306273073314,
        0.4123207999465815,
        0.6266495153221674,
        0.5284227116394301,
        0.725777139599159,
        0.2950396732859705
      ],
      [
        0.6868444841262425,
        1.0,
        0.6983817751063832,
        0.5207042654583252,
        0.6820352440120576,
        0.38316142502234823,
        0.8115802029915427,
        0.5625462243435753,
        0.6515292116267879,
        0.3186556279352179
      ],
      [
        0.7707346820980246,
        0.6983817751063832,
        1.0,
        0.4893473112319312,
        0.8366539980844679,
        0.41596320173102314,
        0.6302384359429526,
        0.5290249023300431,
        0.7765866725780679,
        0.3057445403594693
      ],
      [
        0.5134252141713967,
        0.5207042654583252,
        0.4893473112319312,
        1.0,
        0.49843501858065903,
        0.5659579055681286,
        0.4627583964504342,
        0.45955441968373334,
        0.4648868583549421,
        0.5978257710547832
      ],
      [
        0.7397306273073314,
        0.6820352440120576,
        0.8366539980844679,
        0.49843501858065903,
        1.0,
        0.40084749255681484,
        0.6192483937332499,
        0.5247547309471879,
        0.7136176571495725,
        0.3118359847216277
      ],
      [
        0.4123207999465815,
        0.38316142502234823,
        0.41596320173102314,
        0.5659579055681286,
        0.40084749255681484,
        1.0,
        0.3540536538074648,
        0.3880435024834029,
        0.4212505618427572,
        0.6351723285166229
      ],
      [
        0.6266495153221674,
        0.8115802029915427,
        0.6302384359429526,
        0.4627583964504342,
        0.6192483937332499,
        0.3540536538074648,
        1.0,
        0.5420537243262826,
        0.5844026624822494,
        0.28003905162493453
      ],
      [
        0.5284227116394301,
        0.5625462243435753,
        0.5290249023300431,
        0.45955441968373334,
        0.5247547309471879,
        0.3880435024834029,
        0.5420537243262826,
        1.0,
        0.5582610997684937,
        0.36448264030820177
      ],
      [
        0.725777139599159,
        0.6515292116267879,
        0.7765866725780679,
        0.4648868583549421,
        0.7136176571495725,
        0.4212505618427572,
        0.5844026624822494,
        0.5582610997684937,
        1.0,
        0.2957207637768972
      ],
      [
        0.2950396732859705,
        0.3186556279352179,
        0.3057445403594693,
        0.5978257710547832,
        0.3118359847216277,
        0.6351723285166229,
        0.28003905162493453,
        0.36448264030820177,
        0.2957207637768972,
        1.0
      ]
    ]
  }
}