{
  "dataset": "gtsrb",
  "n_shot": 1,
  "method": "ours",
  "ordered_models": [
    "clip_vit_base",
    "convnext_tiny",
    "siglip",
    "dinov2_base",
    "resnet50",
    "dinov2_small",
    "vit_mae_base",
    "deit_small",
    "convnext_base",
    "vit_base"
  ],
  "accuracies": [
    0.9003999829292297,
    0.9181333780288696,
    0.9168000221252441,
    0.9127333164215088,
    0.9202667474746704,
    0.9157333970069885,
    0.9142000079154968,
    0.9130666851997375,
    0.9134666919708252,
    0.9162001013755798
  ],
  "weight_logs": [
    {
      "clip_vit_base": 1.0
    },
    {
      "clip_vit_base": 0.5775411128997803,
      "convnext_tiny": 0.42245885729789734
    },
    {
      "clip_vit_base": 0.44279757142066956,
      "convnext_tiny": 0.3421194553375244,
      "siglip": 0.21508298814296722
    },
    {
      "clip_vit_base": 0.34246718883514404,
      "convnext_tiny": 0.2752811908721924,
      "siglip": 0.1979525089263916,
      "dinov2_base": 0.18429909646511078
    },
    {
      "clip_vit_base": 0.25953543186187744,
      "convnext_tiny": 0.1891460120677948,
      "siglip": 0.15574297308921814,
      "dinov2_base": 0.15346354246139526,
      "resnet50": 0.24211202561855316
    },
    {
      "clip_vit_base": 0.2278667390346527,
      "convnext_tiny": 0.16898463666439056,
      "siglip": 0.13985420763492584,
      "dinov2_base": 0.130181685090065,
      "resnet50": 0.21543040871620178,
      "dinov2_small": 0.11768234521150589
    },
    {
      "clip_vit_base": 0.2060955911874771,
      "convnext_tiny": 0.14860902726650238,
      "siglip": 0.12285041809082031,
      "dinov2_base": 0.12103035300970078,
      "resnet50": 0.19847486913204193,
      "dinov2_small": 0.10847371071577072,
      "vit_mae_base": 0.09446606040000916
    },
    {
      "clip_vit_base": 0.18090209364891052,
      "convnext_tiny": 0.12163273245096207,
      "siglip": 0.11121320724487305,
      "dinov2_base": 0.11196811497211456,
      "resnet50": 0.17974552512168884,
      "dinov2_small": 0.09867416322231293,
      "vit_mae_base": 0.0823167935013771,
      "deit_small": 0.11354740709066391
    },
    {
      "clip_vit_base": 0.1655006855726242,
      "convnext_tiny": 0.10400044918060303,
      "siglip": 0.10043361783027649,
      "dinov2_base": 0.10467047244310379,
      "resnet50": 0.1653912514448166,
      "dinov2_small": 0.09240096062421799,
      "vit_mae_base": 0.0719851702451706,
      "deit_small": 0.10262802988290787,
      "convnext_base": 0.09298939257860184
    },
    {
      "clip_vit_base": 0.14959625899791718,
      "convnext_tiny": 0.09636358171701431,
      "siglip": 0.08876019716262817,
      "dinov2_base": 0.10040659457445145,
      "resnet50": 0.14977003633975983,
      "dinov2_small": 0.08764314651489258,
      "vit_mae_base": 0.06531927734613419,
      "deit_small": 0.09687814116477966,
      "convnext_base": 0.08515095710754395,
      "vit_base": 0.08011184632778168
    }
  ],
  "best_k": 5,
  "best_acc": 0.9202667474746704,
  "ci_95s": [
    0.010890542465258347,
    0.010413927336610387,
    0.010447159431238227,
    0.010733239615949047,
    0.0099967991339611,
    0.010581830834816602,
    0.010877404723595045,
    0.0111614135171421,
    0.011202891937709035,
    0.011064779918299322
  ],
  "best_ci_95": 0.0099967991339611,
  "relevance_scores": {
    "deit_small": 0.6501901358377641,
    "dinov2_small": 0.7414448618252042,
    "convnext_tiny": 0.7946768056204732,
    "vit_base": 0.5209125667503661,
    "convnext_base": 0.6577946557315263,
    "vit_mae_base": 0.49239544965234444,
    "dinov2_base": 0.7072243091260207,
    "clip_vit_base": 1.0,
    "resnet50": 0.7661597189763447,
    "siglip": 0.4866920140511828
  },
  "cka_matrix": {
    "model_names": [
      "deit_small",
      "dinov2_small",
      "convnext_tiny",
      "vit_base",
      "convnext_base",
      "vit_mae_base",
      "dinov2_base",
      "clip_vit_base",
      "resnet50",
      "siglip"
    ],
    "values": [
      [
        1.0,
        0.6868444841262425,
        0.7707346820980246,
        0.5134252141713967,
        0.7397306273073314,
        0.4123207999465815,
        0.6266495153221674,
        0.5284227116394301,
        0.725777139599159,
        0.2950396732859705
      ],
      [
        0.6868444841262425,
        1.0,
        0.6983817751063832,
        0.5207042654583252,
        0.6820352440120576,
        0.38316142502234823,
        0.8115802029915427,
        0.5625462243435753,
        0.6515292116267879,
        0.3186556279352179
      ],
      [
        0.7707346820980246,
        0.6983817751063832,
        1.0,
        0.4893473112319312,
        0.8366539980844679,
        0.41596320173102314,
        0.6302384359429526,
        0.5290249023300431,
        0.7765866725780679,
        0.3057445403594693
      ],
      [
        0.5134252141713967,
        0.5207042654583252,
        0.4893473112319312,
        1.0,
        0.49843501858065903,
        0.5659579055681286,
        0.4627583964504342,
        0.45955441968373334,
        0.4648868583549421,
        0.5978257710547832
      ],
      [
        0.7397306273073314,
        0.6820352440120576,
        0.8366539980844679,
        0.49843501858065903,
        1.0,
        0.40084749255681484,
        0.6192483937332499,
        0.5247547309471879,
        0.7136176571495725,
        0.3118359847216277
      ],
      [
        0.4123207999465815,
        0.38316142502234823,
        0.41596320173102314,
        0.5659579055681286,
        0.40084749255681484,
        1.0,
        0.3540536538074648,
        0.3880435024834029,
        0.4212505618427572,
        0.6351723285166229
      ],
      [
        0.6266495153221674,
        0.8115802029915427,
        0.6302384359429526,
        0.4627583964504342,
        0.6192483937332499,
        0.3540536538074648,
        1.0,
        0.5420537243262826,
        0.5844026624822494,
        0.28003905162493453
      ],
      [
        0.5284227116394301,
        0.5625462243435753,
        0.5290249023300431,
        0.45955441968373334,
        0.5247547309471879,
        0.3880435024834029,
        0.5420537243262826,
        1.0,
        0.5582610997684937,
        0.36448264030820177
      ],
      [
        0.725777139599159,
        0.6515292116267879,
        0.7765866725780679,
        0.4648868583549421,
        0.7136176571495725,
        0.4212505618427572,
        0.5844026624822494,
        0.5582610997684937,
        1.0,
        0.2957207637768972
      ],
      [
        0.2950396732859705,
        0.3186556279352179,
        0.3057445403594693,
        0.5978257710547832,
        0.3118359847216277,
        0.6351723285166229,
        0.28003905162493453,
        0.36448264030820177,
        0.2957207637768972,
        1.0
      ]
    ]
  }
}