{
  "dataset": "dtd",
  "n_shot": 16,
  "method": "ours",
  "ordered_models": [
    "dinov2_base",
    "siglip",
    "clip_vit_base",
    "convnext_base",
    "vit_base",
    "resnet50",
    "dinov2_small",
    "vit_mae_base",
    "convnext_tiny",
    "deit_small"
  ],
  "accuracies": [
    0.9363332986831665,
    0.9505334496498108,
    0.9521999955177307,
    0.9533332586288452,
    0.954800009727478,
    0.9561333656311035,
    0.9560000896453857,
    0.9555999636650085,
    0.9575334191322327,
    0.9570666551589966
  ],
  "weight_logs": [
    {
      "dinov2_base": 1.0
    },
    {
      "dinov2_base": 0.48925328254699707,
      "siglip": 0.5107467770576477
    },
    {
      "dinov2_base": 0.3763105571269989,
      "siglip": 0.318281888961792,
      "clip_vit_base": 0.3054075241088867
    },
    {
      "dinov2_base": 0.31844812631607056,
      "siglip": 0.23373939096927643,
      "clip_vit_base": 0.21969081461429596,
      "convnext_base": 0.22812162339687347
    },
    {
      "dinov2_base": 0.24857491254806519,
      "siglip": 0.17188948392868042,
      "clip_vit_base": 0.16494528949260712,
      "convnext_base": 0.16997130215168,
      "vit_base": 0.24461890757083893
    },
    {
      "dinov2_base": 0.2180369794368744,
      "siglip": 0.13863864541053772,
      "clip_vit_base": 0.13426850736141205,
      "convnext_base": 0.13702203333377838,
      "vit_base": 0.21428102254867554,
      "resnet50": 0.15775282680988312
    },
    {
      "dinov2_base": 0.1884065717458725,
      "siglip": 0.11979317665100098,
      "clip_vit_base": 0.1153850108385086,
      "convnext_base": 0.11628706008195877,
      "vit_base": 0.17311495542526245,
      "resnet50": 0.13154453039169312,
      "dinov2_small": 0.15546876192092896
    },
    {
      "dinov2_base": 0.17910335958003998,
      "siglip": 0.10363415628671646,
      "clip_vit_base": 0.09937922656536102,
      "convnext_base": 0.10060729831457138,
      "vit_base": 0.16279719769954681,
      "resnet50": 0.11518406122922897,
      "dinov2_small": 0.14105504751205444,
      "vit_mae_base": 0.09823960810899734
    },
    {
      "dinov2_base": 0.16917438805103302,
      "siglip": 0.0913468599319458,
      "clip_vit_base": 0.0875479131937027,
      "convnext_base": 0.088990218937397,
      "vit_base": 0.1527339369058609,
      "resnet50": 0.10234225541353226,
      "dinov2_small": 0.13050629198551178,
      "vit_mae_base": 0.0867438092827797,
      "convnext_tiny": 0.09061434119939804
    },
    {
      "dinov2_base": 0.15694773197174072,
      "siglip": 0.08075322210788727,
      "clip_vit_base": 0.07758866995573044,
      "convnext_base": 0.07918985188007355,
      "vit_base": 0.1389147788286209,
      "resnet50": 0.0893116369843483,
      "dinov2_small": 0.11972028017044067,
      "vit_mae_base": 0.0777076855301857,
      "convnext_tiny": 0.08009525388479233,
      "deit_small": 0.0997709259390831
    }
  ],
  "best_k": 9,
  "best_acc": 0.9575334191322327,
  "ci_95s": [
    0.005650825311400291,
    0.004854192639124116,
    0.005077716500909899,
    0.004883831293447917,
    0.004555861714250331,
    0.004358753769090388,
    0.004649845667167775,
    0.004560830574808675,
    0.004388131692472588,
    0.004435128315621358
  ],
  "best_ci_95": 0.004388131692472588,
  "relevance_scores": {
    "deit_small": 0.7569124610470525,
    "dinov2_small": 0.9677419129958985,
    "convnext_tiny": 0.81566819598289,
    "vit_base": 0.8260368778711472,
    "convnext_base": 0.8237327177339154,
    "vit_mae_base": 0.5852534603261456,
    "dinov2_base": 1.0,
    "clip_vit_base": 0.9193548599483181,
    "resnet50": 0.8225805989360135,
    "siglip": 0.7073732892015702
  },
  "cka_matrix": {
    "model_names": [
      "deit_small",
      "dinov2_small",
      "convnext_tiny",
      "vit_base",
      "convnext_base",
      "vit_mae_base",
      "dinov2_base",
      "clip_vit_base",
      "resnet50",
      "siglip"
    ],
    "values": [
      [
        1.0,
        0.60403762770889,
        0.6743932904641842,
        0.5733029421122341,
        0.6675099634606567,
        0.3558615527093042,
        0.5652084984794176,
        0.5044820949158433,
        0.6391599961203966,
        0.3773841351243855
      ],
      [
        0.60403762770889,
        1.0,
        0.5985213522851066,
        0.6092842038742665,
        0.5787780724494834,
        0.3824982171270577,
        0.8192514335273352,
        0.5909649954661518,
        0.6037398105956365,
        0.41743959776158335
      ],
      [
        0.6743932904641842,
        0.5985213522851066,
        1.0,
        0.5586209833441843,
        0.7412692723897135,
        0.3367379432036847,
        0.5750034405428298,
        0.49428699038864765,
        0.6603525475129738,
        0.35903652900358574
      ],
      [
        0.5733029421122341,
        0.6092842038742665,
        0.5586209833441843,
        1.0,
        0.5337167602908292,
        0.42826837610304935,
        0.579250344998242,
        0.5378321524439461,
        0.541449791672097,
        0.4490954111452375
      ],
      [
        0.6675099634606567,
        0.5787780724494834,
        0.7412692723897135,
        0.5337167602908292,
        1.0,
        0.3077965749624754,
        0.560622282418358,
        0.48126170186894474,
        0.6448727252594454,
        0.3356307136594953
      ],
      [
        0.3558615527093042,
        0.3824982171270577,
        0.3367379432036847,
        0.42826837610304935,
        0.3077965749624754,
        1.0,
        0.3361774641145942,
        0.36762036371317497,
        0.36929300457172803,
        0.4757026789852158
      ],
      [
        0.5652084984794176,
        0.8192514335273352,
        0.5750034405428298,
        0.579250344998242,
        0.560622282418358,
        0.3361774641145942,
        1.0,
        0.5749566017035828,
        0.5698731779668884,
        0.38338215096109163
      ],
      [
        0.5044820949158433,
        0.5909649954661518,
        0.49428699038864765,
        0.5378321524439461,
        0.48126170186894474,
        0.36762036371317497,
        0.5749566017035828,
        1.0,
        0.5029882927601231,
        0.43489579122067384
      ],
      [
        0.6391599961203966,
        0.6037398105956365,
        0.6603525475129738,
        0.541449791672097,
        0.6448727252594454,
        0.36929300457172803,
        0.5698731779668884,
        0.5029882927601231,
        1.0,
        0.39573004451220456
      ],
      [
        0.3773841351243855,
        0.41743959776158335,
        0.35903652900358574,
        0.4490954111452375,
        0.3356307136594953,
        0.4757026789852158,
        0.38338215096109163,
        0.43489579122067384,
        0.39573004451220456,
        1.0
      ]
    ]
  }
}