{
  "dataset": "dtd",
  "n_shot": 5,
  "method": "ours",
  "ordered_models": [
    "dinov2_base",
    "siglip",
    "clip_vit_base",
    "convnext_base",
    "dinov2_small",
    "vit_base",
    "resnet50",
    "deit_small",
    "vit_mae_base",
    "convnext_tiny"
  ],
  "accuracies": [
    0.9295334815979004,
    0.9386667609214783,
    0.9435999989509583,
    0.9440000653266907,
    0.9440667033195496,
    0.9464668035507202,
    0.947866678237915,
    0.9510000348091125,
    0.9494667053222656,
    0.9495334029197693
  ],
  "weight_logs": [
    {
      "dinov2_base": 1.0
    },
    {
      "dinov2_base": 0.49101918935775757,
      "siglip": 0.5089808106422424
    },
    {
      "dinov2_base": 0.3782467544078827,
      "siglip": 0.31766921281814575,
      "clip_vit_base": 0.30408400297164917
    },
    {
      "dinov2_base": 0.31311506032943726,
      "siglip": 0.23528455197811127,
      "clip_vit_base": 0.22053904831409454,
      "convnext_base": 0.23106130957603455
    },
    {
      "dinov2_base": 0.2509274184703827,
      "siglip": 0.18555377423763275,
      "clip_vit_base": 0.1743527501821518,
      "convnext_base": 0.18079958856105804,
      "dinov2_small": 0.2083664983510971
    },
    {
      "dinov2_base": 0.20472490787506104,
      "siglip": 0.14338867366313934,
      "clip_vit_base": 0.13892365992069244,
      "convnext_base": 0.14068631827831268,
      "dinov2_small": 0.17099861800670624,
      "vit_base": 0.20127779245376587
    },
    {
      "dinov2_base": 0.18792711198329926,
      "siglip": 0.11841411888599396,
      "clip_vit_base": 0.1127382442355156,
      "convnext_base": 0.11484529078006744,
      "dinov2_small": 0.1523093283176422,
      "vit_base": 0.17755617201328278,
      "resnet50": 0.13620968163013458
    },
    {
      "dinov2_base": 0.1708693951368332,
      "siglip": 0.10254218429327011,
      "clip_vit_base": 0.09751975536346436,
      "convnext_base": 0.0992509126663208,
      "dinov2_small": 0.13662634789943695,
      "vit_base": 0.15598270297050476,
      "resnet50": 0.11564366519451141,
      "deit_small": 0.1215650662779808
    },
    {
      "dinov2_base": 0.16144432127475739,
      "siglip": 0.09050855785608292,
      "clip_vit_base": 0.08589150756597519,
      "convnext_base": 0.0872313603758812,
      "dinov2_small": 0.12685289978981018,
      "vit_base": 0.14725437760353088,
      "resnet50": 0.10346291959285736,
      "deit_small": 0.112156942486763,
      "vit_mae_base": 0.08519712835550308
    },
    {
      "dinov2_base": 0.15371857583522797,
      "siglip": 0.0807240754365921,
      "clip_vit_base": 0.07676223665475845,
      "convnext_base": 0.07826673984527588,
      "dinov2_small": 0.11900047212839127,
      "vit_base": 0.13985581696033478,
      "resnet50": 0.09330253303050995,
      "deit_small": 0.10252874344587326,
      "vit_mae_base": 0.07639162242412567,
      "convnext_tiny": 0.07944925129413605
    }
  ],
  "best_k": 8,
  "best_acc": 0.9510000348091125,
  "ci_95s": [
    0.006418406361195437,
    0.006216378603872105,
    0.005869111837202716,
    0.0058728823680274855,
    0.005912768522804528,
    0.005335444131842516,
    0.0052697925970464,
    0.005307906814018346,
    0.005149235772639262,
    0.005146861314024568
  ],
  "best_ci_95": 0.005307906814018346,
  "relevance_scores": {
    "deit_small": 0.7601810360271668,
    "dinov2_small": 0.9782805392925749,
    "convnext_tiny": 0.738461530953386,
    "vit_base": 0.7945701082033303,
    "convnext_base": 0.7565610963316921,
    "vit_mae_base": 0.5058823576387906,
    "dinov2_base": 1.0,
    "clip_vit_base": 0.9185520667135116,
    "resnet50": 0.766515841761536,
    "siglip": 0.6443438974654477
  },
  "cka_matrix": {
    "model_names": [
      "deit_small",
      "dinov2_small",
      "convnext_tiny",
      "vit_base",
      "convnext_base",
      "vit_mae_base",
      "dinov2_base",
      "clip_vit_base",
      "resnet50",
      "siglip"
    ],
    "values": [
      [
        1.0,
        0.6040376277088901,
        0.6743932904641842,
        0.573302942112234,
        0.6675099634606567,
        0.35586155270930414,
        0.5652084984794175,
        0.5044820949158434,
        0.6391599961203966,
        0.37738413512438546
      ],
      [
        0.6040376277088901,
        1.0,
        0.5985213522851066,
        0.6092842038742666,
        0.5787780724494835,
        0.38249821712705767,
        0.8192514335273351,
        0.590964995466152,
        0.6037398105956366,
        0.4174395977615834
      ],
      [
        0.6743932904641842,
        0.5985213522851066,
        1.0,
        0.5586209833441844,
        0.7412692723897135,
        0.3367379432036847,
        0.5750034405428298,
        0.49428699038864776,
        0.6603525475129738,
        0.3590365290035856
      ],
      [
        0.573302942112234,
        0.6092842038742666,
        0.5586209833441844,
        1.0,
        0.5337167602908292,
        0.42826837610304935,
        0.5792503449982421,
        0.5378321524439463,
        0.541449791672097,
        0.44909541114523743
      ],
      [
        0.6675099634606567,
        0.5787780724494835,
        0.7412692723897135,
        0.5337167602908292,
        1.0,
        0.3077965749624755,
        0.5606222824183579,
        0.48126170186894474,
        0.6448727252594454,
        0.3356307136594953
      ],
      [
        0.35586155270930414,
        0.38249821712705767,
        0.3367379432036847,
        0.42826837610304935,
        0.3077965749624755,
        1.0,
        0.3361774641145942,
        0.36762036371317486,
        0.3692930045717279,
        0.4757026789852158
      ],
      [
        0.5652084984794175,
        0.8192514335273351,
        0.5750034405428298,
        0.5792503449982421,
        0.5606222824183579,
        0.3361774641145942,
        1.0,
        0.5749566017035829,
        0.5698731779668882,
        0.3833821509610916
      ],
      [
        0.5044820949158434,
        0.590964995466152,
        0.49428699038864776,
        0.5378321524439463,
        0.48126170186894474,
        0.36762036371317486,
        0.5749566017035829,
        1.0,
        0.5029882927601232,
        0.43489579122067384
      ],
      [
        0.6391599961203966,
        0.6037398105956366,
        0.6603525475129738,
        0.541449791672097,
        0.6448727252594454,
        0.3692930045717279,
        0.5698731779668882,
        0.5029882927601232,
        1.0,
        0.3957300445122045
      ],
      [
        0.37738413512438546,
        0.4174395977615834,
        0.3590365290035856,
        0.44909541114523743,
        0.3356307136594953,
        0.4757026789852158,
        0.3833821509610916,
        0.43489579122067384,
        0.3957300445122045,
        1.0
      ]
    ]
  }
}