{
  "dataset": "dtd",
  "n_shot": 10,
  "method": "ours",
  "ordered_models": [
    "dinov2_base",
    "siglip",
    "clip_vit_base",
    "convnext_base",
    "vit_base",
    "dinov2_small",
    "resnet50",
    "vit_mae_base",
    "convnext_tiny",
    "deit_small"
  ],
  "accuracies": [
    0.9364000558853149,
    0.9391334056854248,
    0.9446000456809998,
    0.9461333751678467,
    0.9503333568572998,
    0.9475334286689758,
    0.9503333568572998,
    0.9515999555587769,
    0.9519334435462952,
    0.952333390712738
  ],
  "weight_logs": [
    {
      "dinov2_base": 1.0
    },
    {
      "dinov2_base": 0.492705762386322,
      "siglip": 0.507294237613678
    },
    {
      "dinov2_base": 0.380389541387558,
      "siglip": 0.31553104519844055,
      "clip_vit_base": 0.30407941341400146
    },
    {
      "dinov2_base": 0.31748881936073303,
      "siglip": 0.2335197627544403,
      "clip_vit_base": 0.21959160268306732,
      "convnext_base": 0.22939977049827576
    },
    {
      "dinov2_base": 0.24604113399982452,
      "siglip": 0.17205539345741272,
      "clip_vit_base": 0.16480089724063873,
      "convnext_base": 0.16856014728546143,
      "vit_base": 0.2485424280166626
    },
    {
      "dinov2_base": 0.20437072217464447,
      "siglip": 0.14220109581947327,
      "clip_vit_base": 0.13852082192897797,
      "convnext_base": 0.14020682871341705,
      "vit_base": 0.20048849284648895,
      "dinov2_small": 0.17421206831932068
    },
    {
      "dinov2_base": 0.19023370742797852,
      "siglip": 0.11664989590644836,
      "clip_vit_base": 0.11448762565851212,
      "convnext_base": 0.1158907487988472,
      "vit_base": 0.17397715151309967,
      "dinov2_small": 0.15497484803199768,
      "resnet50": 0.13378600776195526
    },
    {
      "dinov2_base": 0.17900973558425903,
      "siglip": 0.10255790501832962,
      "clip_vit_base": 0.09942353516817093,
      "convnext_base": 0.10071980953216553,
      "vit_base": 0.16190801560878754,
      "dinov2_small": 0.14108532667160034,
      "resnet50": 0.11731673032045364,
      "vit_mae_base": 0.09797889739274979
    },
    {
      "dinov2_base": 0.1696189045906067,
      "siglip": 0.09006235003471375,
      "clip_vit_base": 0.08719558268785477,
      "convnext_base": 0.0883629098534584,
      "vit_base": 0.1528012454509735,
      "dinov2_small": 0.13052698969841003,
      "resnet50": 0.1048775464296341,
      "vit_mae_base": 0.08649082481861115,
      "convnext_tiny": 0.0900636687874794
    },
    {
      "dinov2_base": 0.15644380450248718,
      "siglip": 0.08037400990724564,
      "clip_vit_base": 0.07767467200756073,
      "convnext_base": 0.0784086361527443,
      "vit_base": 0.1396658569574356,
      "dinov2_small": 0.12052818387746811,
      "resnet50": 0.09024166315793991,
      "vit_mae_base": 0.07713032513856888,
      "convnext_tiny": 0.07944358885288239,
      "deit_small": 0.10008921474218369
    }
  ],
  "best_k": 10,
  "best_acc": 0.952333390712738,
  "ci_95s": [
    0.005706042961842338,
    0.005534663739479976,
    0.005223702594755947,
    0.005163379780847472,
    0.005059638295127439,
    0.005053326541145129,
    0.0052591909155516965,
    0.004895446985970943,
    0.004939371630698876,
    0.004975853826866071
  ],
  "best_ci_95": 0.004975853826866071,
  "relevance_scores": {
    "deit_small": 0.7629063168182486,
    "dinov2_small": 0.9636711201185016,
    "convnext_tiny": 0.7973231081025055,
    "vit_base": 0.82982789113613,
    "convnext_base": 0.8078394346941157,
    "vit_mae_base": 0.5650095660672488,
    "dinov2_base": 1.0,
    "clip_vit_base": 0.9369025225299926,
    "resnet50": 0.799235196699747,
    "siglip": 0.6510516246245002
  },
  "cka_matrix": {
    "model_names": [
      "deit_small",
      "dinov2_small",
      "convnext_tiny",
      "vit_base",
      "convnext_base",
      "vit_mae_base",
      "dinov2_base",
      "clip_vit_base",
      "resnet50",
      "siglip"
    ],
    "values": [
      [
        1.0,
        0.60403762770889,
        0.6743932904641842,
        0.5733029421122341,
        0.6675099634606567,
        0.3558615527093042,
        0.5652084984794176,
        0.5044820949158434,
        0.6391599961203966,
        0.37738413512438546
      ],
      [
        0.60403762770889,
        1.0,
        0.5985213522851066,
        0.6092842038742667,
        0.5787780724494833,
        0.3824982171270577,
        0.8192514335273352,
        0.5909649954661518,
        0.6037398105956365,
        0.41743959776158335
      ],
      [
        0.6743932904641842,
        0.5985213522851066,
        1.0,
        0.5586209833441843,
        0.7412692723897135,
        0.3367379432036848,
        0.5750034405428298,
        0.4942869903886479,
        0.6603525475129738,
        0.35903652900358574
      ],
      [
        0.5733029421122341,
        0.6092842038742667,
        0.5586209833441843,
        1.0,
        0.5337167602908293,
        0.42826837610304935,
        0.5792503449982422,
        0.5378321524439462,
        0.541449791672097,
        0.44909541114523743
      ],
      [
        0.6675099634606567,
        0.5787780724494833,
        0.7412692723897135,
        0.5337167602908293,
        1.0,
        0.30779657496247553,
        0.560622282418358,
        0.48126170186894485,
        0.6448727252594455,
        0.3356307136594953
      ],
      [
        0.3558615527093042,
        0.3824982171270577,
        0.3367379432036848,
        0.42826837610304935,
        0.30779657496247553,
        1.0,
        0.33617746411459437,
        0.367620363713175,
        0.36929300457172803,
        0.4757026789852158
      ],
      [
        0.5652084984794176,
        0.8192514335273352,
        0.5750034405428298,
        0.5792503449982422,
        0.560622282418358,
        0.33617746411459437,
        1.0,
        0.5749566017035829,
        0.5698731779668882,
        0.3833821509610916
      ],
      [
        0.5044820949158434,
        0.5909649954661518,
        0.4942869903886479,
        0.5378321524439462,
        0.48126170186894485,
        0.367620363713175,
        0.5749566017035829,
        1.0,
        0.5029882927601232,
        0.43489579122067384
      ],
      [
        0.6391599961203966,
        0.6037398105956365,
        0.6603525475129738,
        0.541449791672097,
        0.6448727252594455,
        0.36929300457172803,
        0.5698731779668882,
        0.5029882927601232,
        1.0,
        0.39573004451220467
      ],
      [
        0.37738413512438546,
        0.41743959776158335,
        0.35903652900358574,
        0.44909541114523743,
        0.3356307136594953,
        0.4757026789852158,
        0.3833821509610916,
        0.43489579122067384,
        0.39573004451220467,
        1.0
      ]
    ]
  }
}